1 0 0 0 0 0 0 0 0 0 0 0 0 0 0 0 
0 0 0 0 0 0 0 0 0 0 0 0 0 0 0 254 
0 0 0 0 0 0 0 0 0 0 0 0 0 0 0 254 
0 0 0 0 0 0 0 253 0 0 0 254 0 253 253 63503 
0 0 0 0 0 0 0 0 0 0 0 0 0 0 0 254 
0 0 0 0 0 0 0 253 0 0 0 253 0 253 253 63504 
0 0 0 0 0 0 0 254 0 0 0 253 0 253 253 63503 
0 0 0 252 0 252 252 63254 0 252 252 63254 254 63252 63252 16132538 
0 0 0 0 0 0 0 0 0 0 0 0 0 0 0 254 
0 0 0 0 0 0 0 253 0 0 0 253 0 254 253 63503 
0 0 0 0 0 0 0 253 0 0 0 253 0 253 253 63504 
0 0 0 252 0 252 254 63252 0 252 252 63254 252 63254 63252 16132538 
0 0 0 0 0 0 0 253 0 0 0 253 0 253 254 63503 
0 0 0 254 0 252 252 63252 0 252 252 63252 252 63254 63254 16132538 
0 0 0 252 0 252 252 63254 0 254 252 63252 252 63252 63254 16132538 
0 251 251 63004 251 63007 63004 16069276 251 63004 63007 16069276 63004 16069276 16069276 4097658118 

0 0 0 0 0 0 0 0 0 0 0 0 0 0 0 0 
0 0 0 0 0 0 0 0 0 0 0 0 0 0 0 254 
0 0 0 0 0 0 0 0 0 0 0 0 0 0 0 254 
0 0 0 0 0 0 0 0 0 0 0 0 0 0 0 254 
0 0 0 0 0 0 0 0 0 0 0 0 0 0 0 254 
0 0 0 0 0 0 0 0 0 0 0 253 254 253 253 63503 
0 0 0 0 0 0 0 0 0 0 0 253 253 253 253 63504 
0 0 0 0 0 0 0 0 0 0 0 254 253 253 253 63503 
0 0 0 0 0 0 0 0 0 0 0 253 253 254 253 63503 
0 0 0 0 0 0 0 0 0 0 0 253 253 253 253 63504 
0 0 0 0 0 0 0 0 0 0 0 253 253 253 254 63503 
0 0 0 0 0 252 252 252 252 252 254 63254 63254 63252 63252 16132538 
0 0 0 0 0 252 252 254 252 252 252 63252 63254 63254 63252 16132538 
0 0 0 0 0 254 252 252 252 252 252 63252 63252 63254 63254 16132538 
0 0 0 0 0 252 252 252 254 252 252 63254 63252 63252 63254 16132538 
0 251 251 251 251 63004 63007 63004 63004 63007 63004 16069276 16069276 16069276 16069276 4097658118 